  -1   -1   -1   -1   -1   -1   -1   27   -1   -1   -1   -1   -1   -1   -1 
  -1    6    5    4    3    2   -1   26   25   24   23   24   -1   -1   -1 
  -1    7   -1   -1   -1    1   -1   -1   -1   -1   22   -1   -1   -1   -1 
  -1    8    7    6   -1    0   -1   18   -1   20   21   22   23   -1   -1 
  -1   -1   -1    5   -1    1   -1   17   -1   19   -1   23   -1   -1   -1 
  -1   -1   -1    4    3    2   -1   16   17   18   -1   24   -1   -1   -1 
  -1   -1   -1   -1    4    3   -1   15   -1   -1   -1   23   -1   -1   -1 
  -1   -1   -1    6    5    4   -1   14   15   16   -1   22   23   24   -1 
  -1   -1   -1    7   -1   -1   -1   13   -1   -1   -1   21   -1   -1   -1 
  -1   22   -1    8    9   10   11   12   13   14   -1   20   -1   -1   -1 
  -1   21   -1   -1   -1   11   -1   -1   -1   15   -1   19   -1   -1   -1 
  -1   20   19   20   -1   12   -1   18   17   16   17   18   -1   -1   -1 
  -1   19   18   -1   -1   13   14   -1   18   -1   -1   19   -1   -1   -1 
  -1   18   17   16   15   14   15   16   -1   22   21   20   -1   -1   -1 
  -1   -1   18   -1   -1   -1   -1   -1   -1   -1   -1   -1   -1   -1   -1 
  -1   -1   19   -1   -1   -1   -1   -1   -1   -1   -1   -1   -1   -1   -1 
  -1   -1   20   -1   -1   -1   -1   -1   -1   -1   -1   -1   -1   -1   -1 
  -1   -1   -1   -1   -1   -1   -1   -1   -1   -1   -1   -1   -1   -1   -1 
