  -1   -1   -1   -1   -1   -1   15   -1   -1   -1   -1   -1   -1   -1   -1   -1 
  -1   -1   -1   -1   -1   15   14   13   -1   -1   -1   -1   -1   -1   -1   -1 
  -1   -1   -1   -1   13   14   -1   12   13   -1   -1   -1   -1   -1   -1   -1 
  -1   -1   -1   13   12   -1   10   11   -1   13   -1   -1   -1   -1   -1   -1 
  -1   -1   13   12   11   -1    9   10   -1   12   11   -1   -1   -1   -1   -1 
  -1   13   12   -1   10    9    8    9   -1   11   10    9   -1   -1   -1   -1 
  -1   12   11   10    9    8    7    8    9   10    9    8    7   -1   -1   -1 
  -1   -1   -1   -1   -1   -1    6    7   -1   -1   -1    7    6    7   -1   -1 
  -1   10    9    8   -1    6    5   -1    1    0    1   -1    5    6    7   -1 
  -1   -1    8    7    6    5    4    3    2    1    2    3    4    5   -1   -1 
  -1   -1   -1    8    7    6    5   -1    3    2    3    4    5   -1   -1   -1 
  -1   -1   -1   -1    8    7    6    5    4   -1    4    5    6   -1   -1   -1 
  -1   -1   -1   -1   -1    8    7    6    5    6   -1    6   -1   -1   -1   -1 
  -1   -1   -1   -1   -1   -1    8   -1    6    7   -1    7   -1   -1   -1   -1 
  -1   -1   -1   -1   -1   -1   -1    8    7    8    9   -1   -1   -1   -1   -1 
  -1   -1   -1   -1   -1   -1   -1   -1   -1   -1   -1   -1   -1   -1   -1   -1 
