  -1   -1   -1   -1   -1   -1   -1   -1   -1   -1   -1   -1   26   -1   -1   -1   -1   -1   -1   -1   -1   -1 
  -1   -1   -1    6    5    4    3    2    1    2    3   -1   25   24   23   22   23   24   -1   -1   -1   -1 
  -1   -1   -1   -1   -1    5   -1    1    0    1    2   -1   26   -1   -1   21   22   -1   -1   -1   -1   -1 
  -1   -1   -1    6    5    4    3    2    1    2   -1   16   -1   18   19   20   -1   22   -1   24   -1   -1 
  -1   -1   -1    7   -1   -1   -1    3   -1    3   -1   15   -1   17   -1   -1   -1   21   22   23   -1   -1 
  -1   -1   -1    8    9   10   -1    4   -1    4   -1   14   -1   16   17   18   19   20   -1   -1   -1   -1 
  -1   -1   -1   -1   -1   11   -1    5   -1   -1   -1   13   -1   15   -1   19   -1   21   -1   -1   -1   -1 
  -1   -1   -1   -1   -1   12   -1    6    7    8   -1   12   13   14   -1   18   -1   22   -1   -1   -1   -1 
  -1   -1   -1   -1   -1   13   -1   -1   -1    9   10   11   -1   -1   -1   17   -1   23   -1   -1   -1   -1 
  -1   18   17   16   15   14   15   16   -1   10   11   12   13   14   15   16   -1   24   -1   -1   -1   -1 
  -1   -1   -1   -1   -1   -1   -1   17   -1   -1   -1   13   -1   -1   -1   -1   -1   25   -1   29   -1   -1 
  -1   -1   -1   -1   -1   20   19   18   -1   16   15   14   15   16   -1   28   27   26   27   28   -1   -1 
  -1   -1   -1   -1   -1   -1   -1   -1   -1   17   -1   -1   -1   17   -1   -1   -1   -1   -1   -1   -1   -1 
  -1   -1   -1   -1   -1   -1   -1   -1   -1   18   -1   -1   -1   -1   -1   -1   -1   -1   -1   -1   -1   -1 
  -1   -1   -1   -1   24   23   22   21   20   19   -1   -1   -1   -1   -1   -1   -1   -1   -1   -1   -1   -1 
  -1   -1   -1   -1   -1   -1   -1   -1   -1   -1   -1   -1   -1   -1   -1   -1   -1   -1   -1   -1   -1   -1 
